78
-5 0
-7 9
-10 18
-13 26
-19 31
-26 34
-35 36
-45 39
-52 39
-62 36
-66 33
-76 23
-90 30
-96 38
-102 41
-111 43
-116 43
-125 39
-133 34
-134 33
-133 24
-134 11
-135 3
-132 0
-125 -3
-116 -5
-106 -6
-96 -8
-85 -9
-75 -15
-69 -19
-63 -17
-49 -18
-42 -24
-41 -22
-31 -13
-19 -12
-9 -14
-7 -22
4 -23
-11 -26
-21 -24
-28 -24
-31 -30
-47 -35
-56 -28
-59 -28
-71 -31
-82 -24
-89 -20
-98 -20
-108 -18
-118 -17
-128 -14
-139 -9
-147 3
-145 14
-144 21
-146 32
-139 45
-130 49
-121 54
-109 55
-99 52
-87 46
-81 38
-79 35
-76 40
-65 48
-55 51
-43 50
-33 48
-23 46
-12 41
-3 32
0 22
3 11
5 2
0
0