72
-81.206148 6.840403
-82.507606 9.696192
-84.239785 12.313230
-86.360033 14.627074
-88.816142 16.580751
-91.547635 18.126156
-94.487253 19.225234
-97.562613 19.850923
-100.697990 19.98781
-103.816180 19.63254
-106.840403 18.79385
-109.696192 17.49239
-112.313230 15.76021
-114.627074 13.63996
-116.580751 11.18385
-118.126156 8.452365
-119.225234 5.512747
-119.850923 2.437387
-119.987817 -0.69799
-119.632544 -3.81618
-118.793852 -6.84040
-117.492394 -9.69619
-115.760215 -12.3132
-113.639967 -14.6270
-111.183858 -16.5807
-108.452365 -18.1261
-105.512747 -19.2252
-102.437387 -19.8509
-99.302010 -19.98781
-96.183820 -19.63254
-93.159597 -18.79385
-90.303808 -17.49239
-87.686770 -15.76021
-85.372926 -13.63996
-83.419249 -11.18385
-81.873844 -8.452365
81.206148 -6.840403
82.507606 -9.696192
84.239785 -12.313230
86.360033 -14.627074
88.816142 -16.580751
91.547635 -18.126156
94.487253 -19.225234
97.562613 -19.850923
100.697990 -19.98781
103.816180 -19.63254
106.840403 -18.79385
109.696192 -17.49239
112.313230 -15.76021
114.627074 -13.63996
116.580751 -11.18385
118.126156 -8.452365
119.225234 -5.512747
119.850923 -2.437387
120.000000 0.000000
119.753767 3.128689
119.021130 6.180340
117.820130 9.079810
116.180340 11.755705
114.142136 14.142136
111.755705 16.180340
109.079810 17.820130
106.180340 19.021130
103.128689 19.753767
100.000000 20.000000
96.871311 19.753767
93.819660 19.021130
90.920190 17.820130
88.244295 16.180340
85.857864 14.142136
83.819660 11.755705
82.179870 9.079810
0
0