0.453637 0.244309 0.751080 0.961104 30.000000 0.000000 30.000000 0.000000 0.000000 6.158759 7.332924 0.000000 24.085372 10.000000 7.045672 5.719904 
0.480745 0.000000 0.546038 1.151822 9.535011 30.000000 21.840735 0.000000 0.000000 30.000000 0.000000 0.000000 9.917548 0.000001 10.000000 5.878926 
0.384596 0.000000 0.337831 0.867191 0.000000 27.246337 21.978619 30.000000 0.000000 22.851419 0.000000 0.000000 20.738281 0.000001 10.000000 10.000000 
0.435757 0.089564 0.000000 0.510936 0.000000 0.000000 13.497142 30.000000 30.000000 30.000000 24.810116 0.000000 25.008941 10.000000 0.000001 10.000000 
0.120323 0.349168 1.172211 3.254865 16.145028 30.000000 0.000000 0.000000 0.000000 13.232925 30.000000 0.000000 26.875407 0.000001 10.000000 10.000000 
0.133131 0.838281 0.000000 1.960804 0.000000 0.000000 14.647917 30.000000 30.000000 30.000000 25.834190 0.000000 24.053247 10.000000 0.000001 10.000000 
0.130645 0.000000 2.361950 1.810666 30.000000 30.000000 0.000000 25.806695 0.000000 25.299495 0.000000 0.000000 10.027338 3.940028 10.000000 7.244375 
0.145641 0.000000 1.127779 1.080953 0.000000 13.328830 30.000000 14.540623 0.000000 20.872686 30.000000 0.000000 14.580807 4.091760 10.000000 5.987715 
0.105391 2.488341 1.844972 0.000000 30.000000 0.000000 25.700610 0.000000 0.000000 18.193436 0.000000 30.000000 30.000000 10.000000 10.000000 0.000001 
0.000000 0.000000 1.249213 3.579401 30.000000 17.400866 30.000000 3.409707 0.000000 15.764929 30.000000 0.000000 26.385029 0.000001 10.000000 10.000000 
0.105294 3.481548 1.736338 0.828373 30.000000 15.436896 0.000000 0.000000 0.000000 25.077431 24.997459 0.000000 17.047700 0.000001 10.000000 10.000000 
0.000000 1.156797 0.661923 1.682784 30.000000 0.000000 20.835356 15.364912 0.000000 17.077381 0.000000 0.000000 30.000000 10.000000 10.000000 10.000000 
0.000000 1.696035 1.408851 0.000000 0.000000 0.000000 30.000000 23.681941 0.000000 19.771125 30.000000 30.000000 30.000000 10.000000 10.000000 10.000000 
0.321955 0.921278 0.000000 1.208582 0.000000 0.000000 15.882184 30.000000 30.000000 30.000000 30.000000 0.000000 25.995348 10.000000 0.000001 10.000000 
