96
-5 -8
-5 1
-5 10
-6 20
-6 30
-5 42
-1 53
12 59
25 51
27 39
25 30
24 21
24 11
23 6
29 3
29 4
31 12
32 22
33 31
33 41
32 51
41 62
54 60
65 54
71 42
70 30
68 20
65 10
61 0
56 -8
49 -18
46 -22
46 -33
34 -44
21 -43
12 -34
7 -30
0 -29
-13 -25
-20 -13
-23 -7
-29 -2
-37 2
-47 12
-45 26
-38 36
-29 42
-20 48
-14 37
-23 32
-30 27
-35 21
-35 15
-31 12
-23 7
-13 0
-8 -12
-6 -16
0 -17
10 -19
22 -27
26 -32
33 -32
34 -30
34 -21
42 -9
45 -2
50 6
53 14
57 24
59 33
59 41
56 45
49 49
48 52
44 51
45 41
45 31
44 21
43 10
40 0
26 -8
15 -2
12 11
12 22
14 32
15 39
15 46
12 47
8 47
6 39
5 31
5 21
6 11
6 0
5 -9
0
0