35
10.63 500.38
11.55 -242.42
4.2 -258.03
-17.83 -260.78
-57.31 -207.53
-127.1 -217.63
-384.18 -113.87
-419.07 -101.02
-423.66 -74.39
-393.36 -35.83
-350 0
-323.58 55.07
-290.53 58.74
-262.07 56.9
-204.22 134.95
-186.78 156.07
-163.82 156.07
-157.4 134.03
-169.33 -54.19
-143.62 -93.68
-135.36 -71.64
-142.7 291.96
-154.64 313.99
-177.6 307.56
-206.98 287.37
-232.69 241.46
-247.38 193.71
-262.07 177.18
-289.61 172.59
-404.38 220.34
-412.65 247.88
-401.63 268.08
-41.71 546.29
-18.75 540.78
-4.06 525.17
32
  -393.36 254.15
  -34.36 528.84
  -16 510.48
  -3.14 491.2
  -4.06 -106.53
  -5.9 -237.83
  -31.61 -213.96
  -54.56 -191
  -117.91 -202.94
  -376.84 -101.02
  -400.71 -90
  -386.94 -52.36
  -338.27 -4.61
  -312.57 44.97
  -256.56 40.38
  -178.51 141.38
  -173 122.09
  -187.69 -54.19
  -164.74 -103.77
  -136.28 -116.63
  -119.75 -95.51
  -129.85 313.07
  -153.72 330.52
  -177.6 328.68
  -212.49 302.97
  -243.7 262.57
  -254.72 224.93
  -266.66 200.14
  -285.02 190.04
  -330.93 199.22
  -373.17 217.58
  -393.36 233.19
0
